DATASET_PIECHART
SEPARATOR SPACE
DATASET_LABEL Salt_piechart_1
COLOR #ff0000
FIELD_LABELS Completeness n
FIELD_COLORS #9cc4d9 #98999d
MARGIN 0
HEIGHT_FACTOR 1
MAXIMUM_SIZE 50
DATA
Salt-MAG30 -1 2 93.47682119 6.52317881
Salt-MAG197 -1 2 72.72727273 27.27272727
Salt-MAG125 -1 2 71.81818182 28.18181818
Salt-MAG53 -1 2 55.95611285 44.04388715
Salt-MAG6 -1 2 85.90909091 14.09090909
Salt-MAG132 -1 2 55.95611285 44.04388715
Salt-MAG183 -1 2 51.0031348 48.9968652
Salt-MAG62 -1 2 71.71717172 28.28282828
Salt-MAG216 -1 2 73.75127421 26.24872579
Salt-MAG180 -1 2 93.06930693 6.93069307
Salt-MAG246 -1 2 92.97138047 7.02861953
Salt-MAG99 -1 2 94.52674897 5.47325103
Salt-MAG247 -1 2 99.15128731 0.84871269
Salt-MAG39 -1 2 98.77835951 1.22164049
Salt-MAG175 -1 2 91.84801382 8.15198618
Salt-MAG73 -1 2 88.97306397 11.02693603
Salt-MAG176 -1 2 71.2684489 28.7315511
Salt-MAG83 -1 2 97.10982659 2.89017341
Salt-MAG66 -1 2 80.60693642 19.39306358
Salt-MAG177 -1 2 97.27360308 2.72639692
Salt-MAG137 -1 2 57.9153605 42.0846395
Salt-MAG3 -1 2 93.27894328 6.72105672
Salt-MAG198 -1 2 91.45299145 8.54700855
Salt-MAG22 -1 2 82.68025078 17.31974922
Salt-MAG166 -1 2 88.8362069 11.1637931
Salt-MAG178 -1 2 59.4017094 40.5982906
Salt-MAG64 -1 2 50.86206897 49.13793103
Salt-MAG155 -1 2 83.19444444 16.80555556
Salt-MAG118 -1 2 86.66666667 13.33333333
Salt-MAG199 -1 2 60.14880952 39.85119048
Salt-MAG106 -1 2 83.98641588 16.01358412
Salt-MAG169 -1 2 79.56112853 20.43887147
Salt-MAG86 -1 2 94.06779661 5.93220339
Salt-MAG58 -1 2 86.33458647 13.66541353
Salt-MAG68 -1 2 91.94581281 8.05418719
Salt-MAG103 -1 2 68.80952381 31.19047619
Salt-MAG134 -1 2 98.93992933 1.06007067
Salt-MAG97 -1 2 61.37931034 38.62068966
Salt-MAG74 -1 2 56.03448276 43.96551724
Salt-MAG219 -1 2 55.59561129 44.40438871
Salt-MAG79 -1 2 94.35857911 5.64142089
Salt-MAG60 -1 2 92.3266212 7.6733788
Salt-MAG23 -1 2 67.06056248 32.93943752
Salt-MAG186 -1 2 51.67464115 48.32535885
Salt-MAG152 -1 2 94.23423423 5.76576577
Salt-MAG160 -1 2 83.99470899 16.00529101
Salt-MAG141 -1 2 84.48275862 15.51724138
Salt-MAG44 -1 2 88.01587302 11.98412698
Salt-MAG131 -1 2 86.66666667 13.33333333
Salt-MAG35 -1 2 94.22222222 5.77777778
Salt-MAG100 -1 2 95 5
Salt-MAG207 -1 2 95.95238095 4.04761905
Salt-MAG32 -1 2 71.44916911 28.55083089
Salt-MAG82 -1 2 98.92473118 1.07526882
Salt-MAG211 -1 2 78.40013034 21.59986966
Salt-MAG213 -1 2 63.94984326 36.05015674
Salt-MAG76 -1 2 89.15770609 10.84229391
Salt-MAG149 -1 2 98.36956522 1.63043478
Salt-MAG75 -1 2 82.97883598 17.02116402
Salt-MAG158 -1 2 64.20658195 35.79341805
Salt-MAG42 -1 2 71.23655914 28.76344086
Salt-MAG41 -1 2 97.84946237 2.15053763
Salt-MAG193 -1 2 68.08743169 31.91256831
Salt-MAG107 -1 2 61.80327869 38.19672131
Salt-MAG70 -1 2 95.90163934 4.09836066
Salt-MAG54 -1 2 75.63172711 24.36827289
Salt-MAG51 -1 2 80.21857923 19.78142077
Salt-MAG94 -1 2 87.43169399 12.56830601
Salt-MAG43 -1 2 89.61748634 10.38251366
Salt-MAG205 -1 2 94.53551913 5.46448087
Salt-MAG34 -1 2 95.91985428 4.08014572
Salt-MAG157 -1 2 91.71220401 8.28779599
Salt-MAG33 -1 2 68.10344828 31.89655172
Salt-MAG55 -1 2 88.06921676 11.93078324
Salt-MAG142 -1 2 81.73184358 18.26815642
Salt-MAG237 -1 2 89.05535805 10.94464195
Salt-MAG110 -1 2 77.89968652 22.10031348
Salt-MAG231 -1 2 92.62295082 7.37704918
Salt-MAG87 -1 2 65.8287796 34.1712204
Salt-MAG11 -1 2 60.91168091 39.08831909
Salt-MAG153 -1 2 59.49775533 40.50224467
Salt-MAG181 -1 2 64.24501425 35.75498575
Salt-MAG7 -1 2 65.74074074 34.25925926
Salt-MAG45 -1 2 63.92739274 36.07260726
Salt-MAG47 -1 2 57.5203252 42.4796748
Salt-MAG227 -1 2 81.94444444 18.05555556
Salt-MAG119 -1 2 90.9984639 9.0015361
Salt-MAG202 -1 2 94.89267677 5.10732323
Salt-MAG48 -1 2 76.38888889 23.61111111
Salt-MAG16 -1 2 98.29059829 1.70940171
Salt-MAG116 -1 2 96.41309581 3.58690419
Salt-MAG188 -1 2 97.01492537 2.98507463
Salt-MAG218 -1 2 81.91697913 18.08302087
Salt-MAG38 -1 2 97.20127035 2.79872965
Salt-MAG28 -1 2 95.78318087 4.21681913
Salt-MAG81 -1 2 96.8627451 3.1372549
Salt-MAG10 -1 2 89.66312344 10.33687656
Salt-MAG154 -1 2 68.10344828 31.89655172
Salt-MAG245 -1 2 96.72131148 3.27868852
Salt-MAG171 -1 2 97.37021858 2.62978142
Salt-MAG92 -1 2 89.75035162 10.24964838
Salt-MAG174 -1 2 90.34782609 9.65217391
Salt-MAG215 -1 2 50.39132808 49.60867192
Salt-MAG20 -1 2 100 0
Salt-MAG88 -1 2 97.51506024 2.48493976
Salt-MAG112 -1 2 99.54545455 0.45454545
Salt-MAG206 -1 2 93.05505991 6.94494009
Salt-MAG229 -1 2 50.47021944 49.52978056
Salt-MAG121 -1 2 99.56896552 0.43103448
Salt-MAG129 -1 2 61.20689655 38.79310345
Salt-MAG238 -1 2 99.56896552 0.43103448
Salt-MAG161 -1 2 75.66341901 24.33658099
Salt-MAG61 -1 2 97.4137931 2.5862069
Salt-MAG114 -1 2 78.79310345 21.20689655
Salt-MAG140 -1 2 93.60869565 6.39130435
Salt-MAG208 -1 2 96.66666667 3.33333333
Salt-MAG80 -1 2 77.5862069 22.4137931
Salt-MAG71 -1 2 90.52799463 9.47200537
Salt-MAG19 -1 2 92.10545831 7.89454169
Salt-MAG49 -1 2 56.37931034 43.62068966
Salt-MAG224 -1 2 58.62068966 41.37931034
Salt-MAG4 -1 2 96.75287356 3.24712644
Salt-MAG190 -1 2 99.5923913 0.4076087
Salt-MAG85 -1 2 95.64914377 4.35085623
Salt-MAG236 -1 2 95.78686493 4.21313507
Salt-MAG162 -1 2 86.97318008 13.02681992
Salt-MAG89 -1 2 83.24324324 16.75675676
Salt-MAG146 -1 2 78.2251811 21.7748189
Salt-MAG98 -1 2 69.82758621 30.17241379
Salt-MAG201 -1 2 89.36947782 10.63052218
Salt-MAG120 -1 2 87.92062034 12.07937966
Salt-MAG24 -1 2 92.40179574 7.59820426
Salt-MAG12 -1 2 56.08304854 43.91695146
Salt-MAG232 -1 2 61.83096505 38.16903495
Salt-MAG194 -1 2 93.2751938 6.7248062
Salt-MAG95 -1 2 71.15308255 28.84691745
Salt-MAG72 -1 2 90.08215962 9.91784038
Salt-MAG123 -1 2 97.12643678 2.87356322
Salt-MAG163 -1 2 97.80090626 2.19909374
Salt-MAG179 -1 2 99.46456386 0.53543614
Salt-MAG69 -1 2 94.27013796 5.72986204
Salt-MAG203 -1 2 77.37955365 22.62044635
Salt-MAG105 -1 2 80.14976108 19.85023892
Salt-MAG235 -1 2 85.1732866 14.8267134
Salt-MAG113 -1 2 85.07901747 14.92098253
Salt-MAG93 -1 2 95.4011065 4.5988935
Salt-MAG128 -1 2 95.02285188 4.97714812
Salt-MAG226 -1 2 96.85338866 3.14661134
Salt-MAG241 -1 2 96.05809129 3.94190871
Salt-MAG25 -1 2 68.25882605 31.74117395
Salt-MAG164 -1 2 98.89415482 1.10584518
Salt-MAG101 -1 2 60.98746082 39.01253918
Salt-MAG187 -1 2 97.78830964 2.21169036
Salt-MAG109 -1 2 60.03159558 39.96840442
Salt-MAG31 -1 2 65.58213716 34.41786284
Salt-MAG151 -1 2 67.78985507 32.21014493
Salt-MAG77 -1 2 85.6557377 14.3442623
Salt-MAG189 -1 2 64.23916585 35.76083415
Salt-MAG196 -1 2 88.58471074 11.41528926
Salt-MAG27 -1 2 73.11367127 26.88632873
Salt-MAG240 -1 2 72.93548387 27.06451613
Salt-MAG52 -1 2 95.37037037 4.62962963
Salt-MAG209 -1 2 92.23655914 7.76344086
Salt-MAG108 -1 2 95.73476703 4.26523297
Salt-MAG57 -1 2 86.45833333 13.54166667
Salt-MAG102 -1 2 79.06746032 20.93253968
Salt-MAG46 -1 2 97.61904762 2.38095238
Salt-MAG2 -1 2 85.58201058 14.41798942
Salt-MAG56 -1 2 51.2558264 48.7441736
Salt-MAG191 -1 2 90.22108844 9.77891156
Salt-MAG84 -1 2 91.07142857 8.92857143
Salt-MAG221 -1 2 96.22119816 3.77880184
Salt-MAG147 -1 2 97.13261649 2.86738351
Salt-MAG50 -1 2 55.6390169 44.3609831
Salt-MAG242 -1 2 72.23655914 27.76344086
Salt-MAG65 -1 2 63.27956989 36.72043011
Salt-MAG217 -1 2 68.31285202 31.68714798
Salt-MAG243 -1 2 73.9093702 26.0906298
Salt-MAG15 -1 2 63.6062468 36.3937532
Salt-MAG148 -1 2 96.81003584 3.18996416
Salt-MAG185 -1 2 74.01075269 25.98924731
Salt-MAG59 -1 2 89.03225806 10.96774194
Salt-MAG21 -1 2 96.41577061 3.58422939
Salt-MAG144 -1 2 59.95475113 40.04524887
Salt-MAG182 -1 2 92.24305107 7.75694893
Salt-MAG165 -1 2 96.08920491 3.91079509
Salt-MAG143 -1 2 90.15984016 9.84015984
Salt-MAG192 -1 2 93.82022472 6.17977528
Salt-MAG145 -1 2 73.68849788 26.31150212
Salt-MAG200 -1 2 97.2 2.8
Salt-MAG184 -1 2 78.6440678 21.3559322
Salt-MAG233 -1 2 52.30769231 47.69230769
Salt-MAG130 -1 2 100 0
Salt-MAG63 -1 2 70.13961152 29.86038848
Salt-MAG18 -1 2 70.81176181 29.18823819
Salt-MAG228 -1 2 63.04686447 36.95313553
Salt-MAG78 -1 2 55.18173759 44.81826241
Salt-MAG234 -1 2 88.22843823 11.77156177
Salt-MAG222 -1 2 97.98657718 2.01342282
Salt-MAG14 -1 2 95.97315436 4.02684564
Salt-MAG223 -1 2 97.65100671 2.34899329
Salt-MAG104 -1 2 89.76761619 10.23238381
Salt-MAG126 -1 2 74.05579029 25.94420971
Salt-MAG167 -1 2 88.69565217 11.30434783
Salt-MAG115 -1 2 81.03448276 18.96551724
Salt-MAG138 -1 2 100 0
Salt-MAG230 -1 2 97.19101124 2.80898876
Salt-MAG117 -1 2 93.28109815 6.71890185
Salt-MAG111 -1 2 99.52830189 0.47169811
Salt-MAG173 -1 2 99.05660377 0.94339623
Salt-MAG159 -1 2 55.17241379 44.82758621
Salt-MAG204 -1 2 99.05660377 0.94339623
Salt-MAG195 -1 2 85.50314465 14.49685535
Salt-MAG8 -1 2 87.14025501 12.85974499
Salt-MAG1 -1 2 93.10035842 6.89964158
